312321011222101212201012322302121001212322111
322011021101212001111221301012322101312202011
021102312022202221111022202211022302112121301
211122102211321301012202111002312021202211121
011222011322002312022302021101211221002211021
112302211302322011221101212022201322101212121
112222101021311302221101021311322202121202112
011102021202122211222102111122312202021312102
202311121201111021001311202022202012121102312
301221012021212102021302112322311121202012322
102312022202311121101211101011201212121101011
021212122201321312121201312322101111322002111
221201322211121011002321101121302312021312201
112202021312301322001021312221001111202221002
212122101311202012322201312121112201021312021
012321202212101012022212122002312122002222101
022212122201021102111222102211202012202021302
102112222201211021202212121201011322302111002
121211221301112002212002221302112322101312221
011022001212001322211102221211122111102311221
111321002321211022302222111121102221301022111
021311121002221012002122302021002311101011202
002312202112021202022101111221311101211102112
312222012022302022201321112302111021001312321
001322012122202322311022002011221312121312122
312122202312322111221202022111202312221101012
021201212322002112122202121201122211322101211
002022302211022101012301311101112221301022101
021202212202021101112201021102311102311222001
311022112321312202122301111121201112322002212
001122301211022302322011022202022112202212122
111122302311321111221312121211021201221011002
212222011322212101312022302022301112221102311
201121101022312002322202011001311102322201111
002121202322212021211321002211121202112321201
002012221011322101022301111022312221111121312
121111001212321101122302311021012001312301221
311022202212002122312322101111221311302122011
022111102111302312121011102211221202112002221
321302011022101211022111301021302211102211221
302111022002222202211101221301021002012201312
302212022002112302011101122211322102011201111
212302021011302022302012301312022111322202012
021212022001011222001221012121202111221202011
202022101111301322101321101011301012221002221
121012222112302212222011221202022302111102212
321302111222102112121212202011322002121201311
221111022201211121111202011322202112222011021
021102211202112202021211301322002012221011302
211321302012222101022201311122001012301221101
122101221012322301111202021111202122201212021
221212122311122301011302011121202211221002121
112021101011222201211021102012302212102112322
221202021202112322301022002012322201012101022
002211122302212322012022201312001322001012301
201321201211122001221101221212001112221202122
302111001211322202012322111302112122211122011
211022302211221001222312122311021102311222201
301011222111122102211301122202221012322002111
012122101211122202311121001212022312021302011
301011222212121211321012022211102212201012222
302321112222301012021001311201021002311302022
022312121002012202121312001212001322102011202
221012022202122101222002112121301221111022302
012101321202212022301112202011322211121112321
001121001011301012221201311022302012221001312
011001211122102311022002211201022101211201322
012221201011102222002012302122202122312021202
202111122102321202212102011022311221302111102
011321011221302311001012322002322101011322301
212021311001221102222011021201212021301122301
111101012021302211221002211002211121202211022
221201112221101212322101011221301011322112001
001311302212322111302012021202012322201121311
102012022102221312302011221111002311322201112
302022212001312321201012302111322101121302211
202112001112122202221212002021202011322212022
322211002011202021102012322101221012221111001
121002211121101312022302112221202112202011022
301312121102012321302311102022202211001022302
022301111322002312221302011201111101221012221
211221301312021301022201212322112121201212102
302212201111302012102121301021312322101211002
022001311222301022301012022201122201012322112
102111122201311102021201011121001211322201012
021102221101312022012221112022202012302011121
122002021202112302211102011221302211021112221
022302312221101211122101211122212322002311102
321312122201012221101012021211221202011001212
322202212001321101322202122011102312302122302
111021101212121302021302112021101211021201111
121011222312021111322012101212121201212121111
112022112001322201021311101211221101122302011
322002311102122111221312201012021102221011321
221002111022002212201222002212101122301112321
211222211102022301221002122302311021001012322
011101122201111201321101022202212322001222011
102011221211021112222001011122302322011222001
212101212222012022312101112022302312121002321
321302311022202012222012221301111221101112221
022202112021211201011222101022302111022201222
201011022001311302012021201021201112121212021
001112021102322301021112201021212102112022312
202211102222311022112301221112202111002311002
001312321101221001112022201212322001021311121
121301311121012321312101121312202012121101322
222212301111202021101211201012101312002312301
001311122101012301311221002021302312022112001
102021102222201121302111221111221202012221102
021302212321012102121311022112221002211121102
322111222011021302011122212221102112302022212
022112121302021211021001311122311121302211001
202111322012201321011322102121311121112221301
121101112121202312101312202111221102312202121
011002121211201022302312221002112022211321001
002311001211121112101311021212221102311022001
312021301021002111302312021302011102321011202
111202021302222102321012021312121302112322012
111322312121302211121102111302311322001111122
312021102122202112322102112022212221112221101
311021211022301211101011122312021202012002321
322101222101021301011322112322102311022212221
312201122111001222311122201011121001312122202
302312321111102212021202012101212122211222002
022312022311221001211301021202322102222111021
321302321112322011022202211121302112002322101
301211102322312122102212302112021101322201022
011221101021211001221301011021002212301011321
311122102111122302311221001311322002211002211
021002222001221311002221202211122101221301112
111322312021211221102211101012302021202211022
212122202212102211122002311301111021301211002
221012321002121202222101211122311221112322001
121102312222202112321312202111121201112322112
121202011222301122101311322202022111101221311
001221011001321111021312221201122001112201312
202311122002322112101122202111322201021301121
112321011302321111002212002212122012322102212
201212022112221012101121311121002322311121301
112222212021312321102112221202012301111002212
211022102212122201121212022012202012322002022
202112001022212301012222101311101221112121202
001211002122312302221001211122012201212322101
101322002012221211301011122311122201112321102
222202011001122301112001221202011221102011221
211201321002122111202312122102311221011202012
321002111322202311022301012322301112121201311
102212122301012101221202122102312201011021001
112222001012021302312221111002211022312002211
322001211322012022201112002211022301112321312
222001311301122012302212021102112322312001122
122202011302112101312101011021201212001211121
001122112321301212001222012221001211001322301
202222001312001011122311221111301012222202122
202211121012321101112322001112022211202121202
301311321311021101321302212022002012201312101
222111222102322101212301011121301122211322112
211021102212201112122302221212021101212021012
312221111302211001111322301022011322001121201
222302011321302112122102211201221002012122211
302211122201211122311122101311001322301012301
301211101112021212022111221211121102111221302
211121301322012001212122302011221012122212121
112322001211121302012022301221102311102222201
002121101112221301111302011022202012001311002
221102021301111321311121112301112202021111001
122101211221101312221301111022312122211322102
202222301021102311222011221012021301212021011
202321311102012022201012022302211001111222001
012122202022202211221012101221112302221102012
