122001222211201011222102121201011121302011301
301111321102322101212022101211122201022001311
012321211321102211122112001211301011222102011
212022201111202112201311122311122101322002221
102011321001321012221301121202211101212022001
012121312222011301021212001022112201322111021
321302311122101112202112202212221002212002111
222002211001312222301021012322302212021111221
301012022101212221201121012322311122302111322
102222301011321201311021111221302111121202121
311221212022211102111022211221011202011321101
122101212322001112121202011201111322102111022
222001312001012021211221102311121012202311002
122111321302111322301211101211121302122101311
302321101011321002121211301011221102221301012
201121202321102222001012221202312101112222312
202122002011321201112122301111221002112201011
321101112301312221001122302312322002112021212
302212122202111122201211121001311122111222201
311101112021202212121302011102312221011022302
311022102311221201022202212221111202021112202
212322002111222302122112202312022202012122311
012322311021212122112222102011221002321211021
102212301122111321102122312122302212121211002
122212001121311321101311302021201122001211121
211221202021212122302311122012101312221201112
022002212001322102312221112322201011201121001
021112001212102312122201322102221001011022211
121301312321001211002022111201322101312022311
212302012201221101222111201312022302011101211
312221112321011002311322302121001312101112302
202021101111222001222002322211122111002322101
022201222012221112201022101312122212322111302
102211021301022102321201121112322301012202111
301012321001212122301011002212022212101011301
122101012322112321011121101211121202112321302
001211221101211202111222001021312301122202111
211102011301011322001321102012322301312121101
202211322202011101211121311322302112121202122
111221102021201111122302021202211102022112322
101321212321301112202022101311122312202012301
102211222101212121111201212122012001321202111
022102221012122311202221101021302212001021302
312322102011321112302322002221111201311022301
221002222202312121311121302122301011121102312
112121302011222301212101011202212021311021202
122001012102311302322001311122002112222001222
121001221201111021211021311221201111022311021
302222112222012201012122101211302111022301011
311322002311201011121302212122101311001212201
222111301112022311302012121301322211121111221
321211301321012021301221102111021201311122001
011321301012322212102212322101221101312221111
101211222301112301211001212121202112202121302
212101121301011302211322001011322312021002211
122012122212321202112022301322011021201212021
022301021202312222011022301012301111122002311
122101112021201012222201312021312021012322212
021212321101112302221111101211001312022201211
311201322002322101222102212122202311121102011
011322012322302011322302111302322011021212101
111202312001112222011022001212322001121201012
302321201111221101321301312122301111201311121
212102311201012222102212122302212102111222101
302011101312321102111122311301011122202312121
012221012121201111121311322302121001111322301
122001212222302121112221101111322001311022101
222102122201312101311022102111201022312121011
002112322012022302111121302311021201121112221
222212302111201122002211221302112101312221102
101212202012321102312302121102011322212122001
211322002122202112202312221111021202021201111
111002121201311322101221012022312221202112101
102112001322302011021002311302021302121002212
022112201122311321011002311022001212121301311
101311222011201011202322002011121211322301121
121101212302012221101312221101011322301112102
011021302111321102312022311201022101312122212
302012101212322001212322101221202112221001311
111021101312022201311321001312002011122201312
312201021101012221102022111221012221212121001
012101311021202022101112202322001112202111221
211122301222002322202122312201012322102112222
012221201121111001311002312301021111302022312
312121302221211122102011221001122301212021011
002212322302212101312121201011201021001312021
112122202122002211021011221111322102121201222
012201222302311101011321112002212302121201112
221302011021212322001011122312202112202112221
321212222302011121001322302212122101211022112
301222202011221011001022311202111002322111101
122202211202012322011122302011322311121002311
122002322001312221001312121301011021302112221
001111221201211021111201211221012022002212322
212022211002012221012021301311021301122001311
311301111102122312002112322202212021001222212
002112021112222201011322111002212322001111222
302012122101211302012321011002211302011102022
311322201212102112122212001322311001021302222
011022211001022212322011121302312101021301112
012221002311122011221201111302011022101221202
312322101121201112322212022012002312302121101
012002212021101312302111202011102311201112102
322012022201312222001311322302121001221002011
011122101011202012221301212001112122211301122
311101321212201122002211301012102311201111201
102222201312321001021201322011001221001112222
302022311001312322302112122212122301111222301
022001312201222102311221202021301022002311321
201112201221112201321012201311001022111302312
122101011221211121112321001111201121102312101
201012322111022202311222101111221202121202111
302212122001312201111322002112322212102312001
011021312101212101322202122002212322201011001
011221212302121011101322001312301121002312301
212301122012321002121211022302322002311002011
222012021101222111302212121112101311302011221
012122211321002112221002112322111302211121012
001112221311121201211102012021202322211022102
312022201312001312121201112021311322201111122
102311122301111101022201122212322101011022301
121201021111301311101021302122302312121102111
321301211121302011221301312022312122301011021
211302112002312022012201311021001311302011122
112301211122112101211022012201311002111301012
002022212322202112322312021301012101211201112
102111021302212222102311121012221202211022102
302011102221002021202222102211102122201112021
102311201121102112302112002312122201022011322
002211202111121102222302312022101322002222301
302012022312121002222212121301011301022002322
201321002221011021301012322312022302121302221
101311021012321112001311001311221011202122101
201121311322302012221212122012322302022111201
322111122201222211021012202011302211022001012
322011222201212102221101111322001311102011222
102212321302212021302212221011322011122302011
101011321012121201311001312301022111322001222
201312122001012221001021011221302311022001011
102311301221102311021312001111202022202212122
122311222002212102111022311121201012121211121
302111302122202021312101312322102111021201212
301012221301111321201021311301111021201311321
012122312222101111301311022112322101212302011
222302312122102321002312221202122002312321101
121312222102111321111122101211022302311102112
301122101112321112321002211122201012121202221
012121102121301222211121302311022301012322302
101322102311121002211022301312002121011221101
122202321312301122212322302012322012201112302
211321012322202111322201212021211102122302312
111201111321212002322202311022102111322311022
222202311222011222111021212022302322001122012
302022101311121301211122101112322202211122011
122001211001211202112021101311202121112221111
221301111122302111101022202212221011122101312
202111202021302322212002012322202012322101311
111321301222212121001212122111322302111301112
122212221212121112302121212101111221101312202
322202112102212222002011122202212322101212122
302222302111221001022311301021302111002321001
321211301111222102311102122201212122212021301
222301311222002321011122311322202012122202212
312122002111122312221202012121311121101311302
102312121001012202312101322102122212322202112
222112121301112101211022102111301322311001321
111101121002212301322112201311102221102011121
121302212001221311022202312121002221201112201
322201212221001111121202111322101011201021201
021102312201021001111321012201312002012121201
121202112121101322012301011322012021001212222
211102221002111301211102121301022301022101211
102221201121102112302111221102312301112101312
211021102011201212321001212122211122201211021
321202311321101311102012322001212301122302111
012022002111222301121202011322311022201021201
112101011021301221002012221102212201021302021
222302212002312122101311202122201011002321001
201122302311022211321101311221101011301311022
122312122012001312121312302112322102312221001
302212021212001011221311022202012002021212002
011122102211222011222302311001121301022301111
201111121301111022202211002011121301211022101
112321302021101011321002311021102221312121302
312321102122202222001012122202312002312102111
022001211121002322201122112002311322202122311
122101112201112301012122002312022211322002012
122011322101311201222101022301221101311021312
122211101212301221101021201012001221301112022
302022301011301111121102211122012302111021302
022101212322001322102212202112322101012201012
101012322302111222101011322201212002112201022
222112101212301112222001012022212101322302111
102011122201011321111122102211302121102011222
111021202222102221201111121302112202211122001
011121201011001212322112001312122302012001311
112222112021002221302112302021302312101111122
001211122101322201311002112122301311021201112
301111202322012221112022001311221302111101211
012322012221302111021212122202111022212022012
002321102211122311002112301212021301012001321
201311322011121001211121202311021301111202321
312122301012322202021102322312202112101121301
222201311302011022101222001312102111202111102
011022101022212222112221312021102112321312102
322001311121001212321301112021302012302311122
101111022301212221002121302322102312021102012
221102212202011022002311301121301112222201012
311102211022312222012221101021301211322112122
301222101011122311201111001211021202022101212
022002022212121301221102311102012021301112201
121301322002011222301212001311101112301021211
212302112102211322101111021201121211221012301
212122202311122111302111022301221311121001312
111021101322211302012022101211322101321002121
302022312321112121212201322001211122101112301
322302112101211021202022102212221012021102222
022001221302212021301021302111302322002111321
202211002211022312022201122302212021201112321
202221102121202112001121312201112221111021301
112222111001211222202012322112001221312022011
301212102311022011222211102312122001222201111
202222002012322011121202111302221102112201221
112121001011202211002312122112221101222302012
122102111001212022301211102121202312122302122
321311102211002012302011221012101211102211121
101222201012222101311322112122301011301321002
011202211022112322311002312022002212021201321
212322201021302112302011201212022101311302012
021102311221001112321102111202112322102111322
321211022302012321002112021201021202211022002
012201322212002312121201021201011221202112001
311101021202112221001111021301211122111001321
222002012301011321202121201212022302011222011
011021201211122201011221301012322111021302111
222202121001212302111122301012001311302121301
101212102011022301311321012002311122312022301
102221202022011322001022312202111221011121202
122011302311122212121301221001311021201221102
302211221302012021311021312102011121302122202
221002222202112002311022102311302012302121302
212321002121312002311322202012301121002112202
212021302112201211322011001212322011221101011
312002321111321302012221202111022101322302022
012002312102312322301012121101322201111221012
221202212102222002212122101211021212221002212
201221111301312121201112122301022202111321002
221312021112322002111321112322302022201111201
311222002012322102111221301121002221012201311
212002311221202022102111221102312001111021311
222011021002312122302022202312122201111322001
212121011022211221101312322301112021101212322
322102322002122202311322102111122211322201021
022112221012222102112201312122101221002222301
122001011222102212302322111121301322002312121
321301022201222011221102312001011302312001121
311321001211102121201311102322101111301012321
302111101311122302012002322012221201121012102
201311122201221002311022102221311201121001222
222111021001312222001011322112021302211021101
212221102221302111121202212322002011121302212
022001211101012322112302111122001212221001021
312221202312001011201311102021201212021112202
202312322101111121311021012221111122301311322
312321211302012121001311121002312322001312022
121001012022301221211121002211121002211201021
311001111021211221102121312001212221102021312
012222302012221111321302312022001011322112321
221101211021211022312101221301312122111321201
212222011121001312002011221102121212121311221
301022101211321102012022202211221001112202021
322302311121311002111122302211122112002212202
301322001011201312101122301212322112222111221
022001322301111001322201122012202112221102111
022302312221001022211121101212201011322001121
011222301212102011222001312221112002021201222
222302311122001321201011221211021201012101311
101012322202212122202211001312121202011221202
222312122012102212321101311322002011301011202
112022301311102221312002211302112302022011322
021011122301021202212021111202112002322311021
022001312302321112021302221101121211101311322
312022301312322111022101312322201111022201322
312101222101221201311022101221301121311021101
322012021212121201312121111002211322002321111
002121011002321301111221202311021301121102311
121302012222112002311221102121312021302211122
322202211221101212122302312121312201111221211
312321211121302011021101311002112302112202322
012021111302022211302321102122302212322011002
011221211301221101311221111221101221101012322
201012201322002211322301121301022211221111021
211002122002222301011121311221102111221111102
022102012222302121001211022301211122001111201
301121011321211022101312122311221001122302111
111122301122012322201211021012301011322301022
011321312321101212001212121202111121301022212
121211122011321302012221101311301012221001222
101311221001211122202111201221002112222012302
101312322301112001312122202022001112221211122
001211002311321101312022101112322012321312001
321101321212122102112321012122201011222002222
021102321001022311022201322011201112321012022
311102222001211001322301311001311122102211221
312221301011321001022202121302211122101321001
322202211002112221102112322112221312021101321
002222301112202011302311322002122302212021202
112001312322011121211001221101322012221101222
102221302312102012121201112221212102022012302
001321012121312322201021111322011301311122212
311222202311022101212022212322001021311021202
311022302011101221002022012221301212121311121
321112001311301111221002011201221311022102322
301022001012322111101021212122302211021102012
212022202121001212022011221302312022011201011
222102312102012301112202221311021001321201111
002122301112121201312221112001022301211121311
211301022101212221302112201022302011321211101
201312222012021302122301311021212102021202121
021201012122311302012222002311122311102111021
022102112201222102112121202311101111322101012
021102321301111222302212001221101112201121302
121002112002222211022201121102111322002311222
112221212022011322302011122301121202312122101
301211102022202011221212002212322002022302012
312002211002112121311221201021111001321202112
021011201312322001021301322112202012122001212
222312301312021002212001112201211001312122202
321201012021202212021012202212001322002011122
001221211221301121002211022302022202111322301
001322201112001212321111121312322112222011202
012022312201222011021301221002112022201211022
011201322212101311101021011221302211122001112
002011122311222301012021301021212021001311321
121202011121002211021001312121202012021301312
111202111002211301122202011121001211202012001
001111222311102111321201211022201021101211021
202311221111102212302022201121212221011321112
112322101112321012121101211221101221002112221
312302111021301012222201021302311021301012102
122001322001021211121111101212302322002012122
122101111122301212321002221002311322011221102
212002321312001122011221001312121002312222201
301222002221111021002322002111021302111322101
121011321002021201321111201121101211022101311
121301311022101111321311202112121101322301121
211022212021012322212002021111221201021212022
311201111202011021201322101211022302021201012
322101221002312121011001212022211201112021002
212021111001211301112321002322302012221101111
311122211121202212221112121312322012101212122
022012321301311121202012122301121311121301211
011202122002011221002111221001311022212021202
211122201011302222012221102022012301212101321
322011222311122001311301011202111121201121312
121202211122001212021011221301011202021101011
212322101111321111301212121201121001322302312
011022101211102322302212021001212102311022202
211121201311321001211322301112302121101322212
002321101212321011021212021102212122302212021
121202122102012222002021202022202012221202111
322002321202112122101211301322101112221002321
121101112301112302111201312002121012201312221
002221011222202122201122302121102212102322301
212021001112221011321302212021101312301011101
021101021212021312121102011322202312121011221
201011121301011221002112221302312121111101312
002022202311221001212001111022212121311222112
222302312121202011222002322201011221011322312
001322302012221311201011002212221102111022202
022011222312021302121111322102211022002311101
302121202012022002321001312022312101312102112
022212122011321101311221201111001221312021202
022212301111222112122201212022101011221312102
021201012222102112122201322312121001312001012
202222101012321311121202211021202012102021211
222301112102312002221311021202011202111322302
311321102112221202311122101211202122002322302
321212321002022111222211022001312302021012322
011021301111221012321301311002112122202222002
011122001312322301112302311322112121311022202
211121101012221212121202322001211022211321101
201111121301311121301111021302212022201022002
121201112322212301012102311021002211122201112
022301111221001011122202221211002011202111021
101321012021202321212021202011122212122301311
102022201011102222002022301212322002121302022
022112121201112322301112302221101011022302111
311022101212001212302112121202322111202012122
021302012002322312021012221301012221001111022
012322001221212101112322211301012022202322012
321301022302012301021102311121202322101011122
101111302211121011302011221301012102311122201
221002111021101311121201011022201211102021312
112221002211322001312022011002211101212022102
021212022101221301312002112322301111121102311
201312122002212101021201212022201022202011122
021012221312121102011301211022002312221301112
022201111321302022101112322302111122002311221
101222101311102111201022011302211022001211221
022112121201211002312122312122002221002321201
021302212222111302012001311021201322101221002
012302311321302111222012201112002221111122302
022311301322112301212121002311322112201011221
302212121202112101222201021101011201122302312
102212022201011021212021311121102212101112322
211021001111302311222001112322011322102212022
212301111221002022302212221002112121202221312
112321101222211021212201011022202122301221102
101322002111322201212022202311021001311221001
022212022301322012022102312002112202312002122
302322302121302012101211301022301012001212222
221202111022001312201021101012221212122301011
211302011321002122012202111021212322102112201
222302211022212022311101111022201311022002221
311301322102212022312202221012022002311322302
002112201311221001012322301111121102311202322
011301311321001111222011122302111301211101222
022301222101311021211021301012221201112121302
212301212022202011221112202322111301111021311
301211001011022301211021002111301212121301121
012201322112301121211001221312122101311221302
221201012221301011021311202112121212021202011
301212021101011321312002011322101211221112222
202311301111301112202212322001311002021212202
221111122202122111322011201221002121112222201
122311201311022112222001122302211002112021302
322101021212021201312021302211021101212322112
201321101311322112321202212122012102321001311
202112221002121301012221001311121111321112222
122012122302311121102212001021202311021112201
302221002011322301011221011101122202211122111
012221302112321201211101022011221101312322002
011302122011201312122311121001112201211021302
001322111322301012101312302322001011022312322
002311121001221001211002121312221002112121301
101122301021001322002121311021311101011201121
111301312321102311021301111122301122012321102
311001111202111322302011022301212322101212021
021311121312322102222011001121301311021112301
122301112321012022311221012221001121012322212
301022012022001322302122112001211201122302211
212321001112302011322301111002311221202111222
221302122201021302211322102221012322301112322
001012022001312222012221102211121102212022301
102112122202222001021201122112322211022011222
311222011202321101211321112322301111202011222
011222001312221012222202111122301111201212121
022011022301122301312002011121202311101212001
121212322311121311322102011121202311001021201
002211121212001222202211101121011202311121301
201221312121101012301312322012101311121201312
102111021211021302122001312201011121301111102
121202122102311102012122302211221101011221101
011301211222202111022002322101212221111302011
221311202011002211222002112121302311122212001
201211221001011121201021101112302021312302111
011122101312021301022011202312001221011022102
111021102222102312301012122301022301011022002
011322101011322202212022201011202312102121011
212202012321212121111321002322212121111222201
222101222302011101311122012221201012121001311
111002311002222112322002111122312221302122002
302311122312221102111222001022311301011022302
111322002322302021002312301322102012021312322
301212321001311102012302211002211102122311302
102111001311201222112101022302022301211001122
112301312301112321112301311002122112321201111
222001212202111202321102112322301122002212121
321202311002122301212321001022312002322301112
021011021202221212122311002312322102011022302
011222101111122302311021212002112302012021302
021102311322301112321011221211021002321101321
122211322201211102112201011201212101122311102
011222202212102122311321002311021002311321101
322002111022311222101322301112221001322201021
202321001312002112321111221301112022002211322
012021101321002221111021102322301212002311021
112022101112221202312022202021202111122311322
302011321002111202222012102312122101211021002
111022002212301111321201211001211102112221101
101311321201012021001212121201022102322011022
222011322201012021201211022102212002321302112
101111322102211202111121301112322101212321112
122101212002212302322111322111301211122102312
211121102321302212122102211202221002011202121
012301211002311122101221301112201111122302012
022312322202312022301212122101111201211101012
202322212121102111321011221212102212122012222
322111321312121011322002212021201012001122201
102211322001012121301022102212202011202111021
201122011021002312321201112022202221102011321
102211022001112321011221212002012322102311322
102212222202311021102212002211022111302312322
022001222101222302212121102011202211122102311
201011001211201221012001121202211021201111022
012002321001222301111022101221211002012322111
111321111122302012322302312121012201112301012
112301312001311321002011322202211101111202211
311221101212322102322001221101311121201112001
122301021102211221112121001311021301221001311
202321312121202021102221302022101312202322001
212302112321112222311201011322202012101311221
112122211322302122101322102112301211022102011
102221102212121112202011201311101111321102211
221112201221001222302022201022302322112021201
001211321001121201212101322002011201312121111
201212001312321001112322301212121301111121311
312322201221001112221312122302221001012121201
212022102321012201221112101122302221112021302
002222201011022301111201111021211001012301221
312022202212001111322102112322201312122012101
021102221201021101211001012022202211121202111
221211221102012021302212022002312322202112121
022202311222112222102122302312022102222302211
122002011021301121301321002011022312201121102
112301121311222301011221311022202112101321311
202211002112221312301122001111221212122311022
201011021101211002311302012202111022202321211
201112301012102311221111202211322102111022202
012221302212001211021111102211202111301111022
111301321301212122002222101311122212121001322
322302112122201011322301111021211102322102112
121002222112222311021311121012221202012002022
311222102312021312222002021301022301211121201
212002012022002211221002122302112221202112322
301321312202011101211102112322201011122002211
311222201012021101221311021301322012121102221
101311322111021002312022301012122301121211302
021312301312221002011221101011322301311121101
312122201311001112222002322112021312301012222
122211021311202012321201311121011302022211121
022012102111322301121201112302111121302212322
001012022301221102211021202022312022202011302
311002012002122212221002221001211121102222201
101312221101121201112121301011002311001221302
311321102111322202111301221111021102311222001
321212022312021311201022101322012302112322011
202111321201121201211101212322001122302012221
321312202112222002311022201022202112021211222
122011101312301112022102211302111101211002111
112321202222311021002311302112302011121202022
111122202211001322111021302211322101011122201
302112202122202121102221112121301311221011301
001121012121301122201212102312021301312122211
212322002321101222201112221301022011222111321
301112301011222301111221201121011301012322101
011022202321012022102212021002211122212322112
222002212021311001122202312221102111321211002
102021001011302321002322101311121202312021202
002011021301122302022202312022112221011302112
322301012002321202012202112101311322302112102
211121302212121002012321002312322102211122201
101221212201011321211122311021001312322011001
001312321201111002121301111122101211322201011
021011122001312202122302312021312322111021201
211322001111221302112122301312102022212121201
202011322201112301212022311122012322101211221
302321112321301111322001212021101221312121102
101022211102312001111322312302012022201112201
222311222101112201022001221301311021202012121
201112202111322001012201012221111101312202111
021101011222101212321102122111322301312021102
211101112202311022102011301012202322102122212
121301112022101312122202211022312022301111121
221102312121212322001311221011022002211022212
211201112301111121211301322111221002211221012
212301022112201022101112221311202112321002022
111021312022301212002322101011322112322301122
021102012222101322101211301021301112021201311
121202011321112022101312221201111022211102311
221301312021312022301111021212001212021311321
312001321102121301111022302312022102311022201
311322001212222102011122202211322102012222002
012322211221012021101312021202111002221301212
101312321201211101222001211301112302021311021
302312221012322102111221302212022112321302022
201311022302312021311021112002212221301022202
301021011002322202121211002011301022301111322
221301112002321101311201021301112101322002312
312102111321311122102211021112302322212101011
212021201111222202112322301011221002012221301
311001012001021302212122202111122301211022102
102311122102312321111122202111201211122002321
011122001312322102021202311122312021011321101
102021312301111322311102311022302221102212121
312301222002021311101012322102211002311102112
021002111202312022101212101211022312301021102
212001121202222102311221202122101212122301322
022101111322002212021101212002122211121302311
311021201322002312021201112201012221102012321
111221102221311022212322301122001312121311302
211322302122012001212021101312102311021201212
322202011222301012321002212021112221102312301
021111101122211222101311122302012102312222101
322201311201022012002311122302311022312121302
121002322102111322012022001212121211302011302
311022212321112302012221311102311021202111021
202111222202211002222112021202111302212001021
102212221102312122302221001212121111201111022
301312222202111121102311322012021211002311322
202011001112321202012001211302322101111221102
311122302322112301021101011322302011122002311
221102122102312101311122001311322201021002311
311021002322101212222002322102012322202012001
212221212102022011201321102011322301112022211
222012322102012201012221101212102012022301312
211301111321102212201222101211001112202011122
221312302312122102321201122202312121001112221
001121301212022011302121201022101112302212022
321201211121101321102012221102311322002121112
321302211022312101212001111122301211021202021
222112222011221201112221112302011322101322012
202122012122211022002221202021311122101211101
222202021012221101011222002312022002321201211
002112122201211321002311102311021001012321112
122301022312221011021302312121211122302322002
122301312321011202212101312022211022001312302
312301012121102211022302221002011302012322301
222001012121212321001312322012121311122201122
102012322011201121101312122201012322212122312
221101122002222201112301111201022101322002211
222211122002011221202112102212021311102011222
211202211122202212122211322202012122202211021
311102211122002111221302022312121012001322212
312221002312202022011202122301122011301321112
022101022111321301311102212202112201011221302
102012222002312222002222101211021302112321112
022202012021301122001312122101211302011122311
112021002211302322111121201211021302211001021
222201112102322011022201122201012202312101112
011222002312002311221201122201211021001111202
102211122111001212122312101111302011301211022
322202221312021101212122312221101312021001312
121002312222101221201312121201111322201121301
301312321312121011301012022102311022301322002
202211222301012322101022312302112221102221112
111121311221012221302021002111301221012022302
021212221301011121301021111102312122301211121
322302122102211322011322202212101012021302022
222102011322001211102311121212122201011121102
121202211122311222102311221302022111222101012
202312022301112322012301112021302122312322001
201111101111321302111221202111121002222302012
211322111302112222211301112221101012322112302
202321202212021212122201312021102322302121001
111301012102122202011201312122001211221301012
321001011121001212321102311221002011221202011
322312102111201211001212021301312022201112321
102012322012201011322012322202211121012301312
211001221302311022002211322201111001312002221
102322202011022101212221302012201021102322102
121201112121212002211001011121301322002221101
311121002322001212321001322001311102211322001
212302121301122001112302312122101012221302112
112221102112121202012121211201121302012122301
021302111102122202212121202111301012221001221
121002311122311101111022302312102322001011121
011321301111022001321201311122212021201011021
001221012202011121211202221001012202122301022
212101011302112221212121202212102012221111001
301011121302221311002021312101212221102122311
222101312202011021201122211322111221102012222
112301112022302321211122302221001312121212022
322002311021202211121212122301022101212102221
002012022012202211121311221011202111122301121
001322212301121201011002221211021102312301111
302221312121001012221302312021101312022301322
121001121012202312122301211122202111321102211
021202211102011221302112301322011221002212322
021201311122201212322012001312002221301112021
011122312101321212301122311021011202111221202
301211121302312022212202012022311202111222011
122001111322001312322101112302112301122301112
011122301211222001212202112022212122002312322
121202112121302221012322102021302121211322002
322311221101111221111101221311302012122002221
102011022212022311021012322212022112222301012
221202011222101112322101112121312221102311022
101122201212102112201212022202012122301111302
302222002312322011122212121302112221201111301
121202111022202211002312201121201221012002222
111321112302121002221302122101011301011301321
022312222111221001121011221102212102112222201
202211321102222002312321101212121201112021201
102012322211201011022201011202312121312122112
101112302111022311321301112002322301311121002
102112222101222201311122001212122302112122202
011021112302021301322101312221101121202022302
302012322211121112301211001212122101112222201
001122001212022302312221002011022211221201121
112301011122002312322202011022102312201112002
211022302221002311222002211022301112021201011
002222301121101211221301111202221111021101222
021311102322002212022002112221201021201112121
002311122012321211201012122201111122201312022
301311022002311102211021301221002311122211122
022302122302111321101212102122201112221312021
121002112202221002012202311121101221011222312
302022101111222101212102322212001211122012321
111322212001311322301022202212021312021112322
311022301211001021111221311301011301112001312
101012322002111322001211101111202322002211102
011102321301011221311021102312322301111001312
322201212322111122101211021311221002011221112
212321302011221011222301011202022311002312321
202122312002111202311102111221012021302112221
112021212122311322001111322201312021112322302
302222101312121201112021002212202221001111121
101112221202122202011222102121211301122001111
122302121012302311001311302112102212221201112
211301121011322311021002111322202312022012202
312221302111101022202312322002111322001212121
221101211022011201112322311121211021302121201
201212002211222011322301311022301011222301111
011321111222201112201311121302212121012221102
112002011202011201211102211021002312021202211
302211322302022102211002212201122302011301312
122212301111121001211002311322012322111201311
001122001012302212321102311122311002021301012
321211321012221001011022201011322312121111301
222102112022302212122301322102122201111222111
301221002212121302321112121202312122002112321
022202212321112301111322201012021102312222101
001311021201211021111001322302111322101021302
312121212201121201021201112021302312322102121
321111201311102011021311122202311102111021201
212122102312221011122212002311021012202111222
011022312322201021201311102311122001221111302
021102211221112321211102212122302022201112321
022311022202022101012302111001322202122101312
121001321012302111321301022212102012321001012
312021311222102022211202011121101311101211302
312221011121302222211101121311221301121112321
002211322002021301311121312101121211122301011
222101011221302112221302211121101111201211002
212121301211021211321202122212202111222001212
322202112222001211221301012021301111322202121
302022111202212022202211122111301121001212022
221002312301111122001212322102322011302311001
201122102212221102221112302312121302211122102
321012121301112222011121301221102111201111221
221311322302012321002212022111301212022111201
222301211122002312321102121211022312201111302
321312222101222102111222102212001221201022002
111222101112022302212122101012302012302312102
121101211221002112221211302112021001211301122
012121002212022312121201211022212102121012222
101311002321201122102212122001012322102321111
122302312302221102012121302211022001111322002
212301212022201012321301022201011322311122101
322112101011022212101312022001322302022101011
011302012021202122202212221011022001211221301
302222212121102312122001212022302311102021202
001011221102311122201222102021202122102322101
311122302311022011002212102211122201322102312
302212322011102311021101312221202011122301012
211121011301311121301211001012302122311021201
322102211202022202122302211022301111321201122
211302321101321102011021201312121201022111302
021111222312101222012221301311122001311122311
302312302122001321302312021112202011001221202
202011201212021101012221202212022102112221302
222311001311321002211322301021201011221101121
202211102012022202222111301012322101121202311
321001312021202012222211001021202211322002111
102221201111101222301112322102012021301212021
322102312001012322301022012322302112302112201
201011022302021102312221011022002211322001211
012101021211302111222302012122312022001322112
312021301121101311101311022211221002112121202
211022102022201322212102011301311122112301212
122101311121002222101322202112102121302122302
221202221311022001212102221212301021102012202
