022212022102211102112122212122202211122301022
202221002011221302112321001211221002222012122
121001211322111301111322202111221101322012322
022101321102312321011101021202212121212121301
222102211222012121001312021311121202221012321
111102122301021301212022002211302021302112001
322102022302022001321312021301121112102211222
222002222211121001312022101211021201112001211
311201111102211001321211121202011202312001112
211022002211222101211322302112002221201012122
221102212122011102312202111021102212322102122
001111102321201012322302112322112122101311222
012321011221001012321312021101311021101211322
311121001111221101022302312022012202022311202
022302011321101312222011021001322202212122311
302022202021101221002211201111322102211221012
202221111102121202111302311021212021101322101
222012221102011322101212201011221111321001112
322002212121212322102012302212102112322312102
212101011221002011121201212021302121311002222
102311202112321302011221301312121012001322301
222102312221112202322011221011002211021212021
201111022002012302212121012001322002212301011
212322201011221101212122301122201311001111302
101212121112221301011022201121001212121311222
101312121212121102111221212201012001021201211
002012202111021201011202121102211021201122201
212322101111022302211321012101311322302021001
301211102211221002212122211301122302122101112
301321211121301011122001211102212221002121011
001011102311222101312202111322002011201211001
021301012221211121101312322302112002021201112
302112121002322301212121001012301211121101311
202121102322312021012202112022302312122012322
102112021301211222011322111122201022212021101
201021311302012221212301011322111101221102211
301211222301011322001012022202212121101212222
301011301312222002022312302112001121301211022
122111002212202011321002012302122302312101312
312221201022001112321101312022102311121201121
121301011202011221302122302311221102111121201
222001222011322001222002311221011301011121001
002112321101121201212121201212101112122211302
001121211302111101321311021302112101312002322
201021011221302012322302212102211021011222001
111321001312322002321302122102311201112021202
321202311122311001311121001111202322002022312
221211121311102022202121201111101211022101211
002311021011322212121102212122211022102212022
012021302321311121002112221001312122102221301
111321212021211122102311002011122202212221011
212122201022012221111021302211001121211002312
312322002011202011002221301121101111221302311
322202322102111121302211022211101121211302222
211121102312321111022311021211101012301221312
212201212001222002011221112121201311102211022
321201311121012321112321002011301121001312221
202122102112202011221302011102221301312101021
221202122101311301112322202311102011321201121
112321301212021101212202111122101211101211321
012301312321102012122311021101312101011221201
121002311002211321011121301112202022102311021
302012022212201012101211301021212002322111121
001012301111102312001022311021301112221211022
022011221012222011321001122211122302011102211
311222202311101311122302311021311121102221302
301021012221212202011301311021011221102212202
311022201221101312021202322012102022312321101
122301122202112322211202112202211121202122001
301311121001311222302111121102212002221202012
222302212002221002021301122111201311322011002
121112002212222002311121111322102211121301021
212201012122301222112102311201122212121001212
111321102322102212122312122011322011201311121
312201112321102112201311221101012301012202212
112101222001112222301121201012301112222212121
101121012002212221002021311202022012102212101
321212302222101221002011322011221212021301112
222012101212002111221201212002011122202312001
002012321202312122301012221301212001022112202
112321311201112002211221102211001012021312322
201021011002322211022302112121002312202121302
122001321112322311021311202322012202011122301
102222102312321201011201011021302312021002112
202311102112122211101322301122211021011222101
301311301112201021102311021301211022301111302
301021211321102022202011122202211022202112322
122002222302022201211321011122101221102311022
322001322101312002312221011202112002211121001
221011322111021301011022201012302211021102111
122301211022111221111322302112202011122201022
001211021101212101322302112301012221202012122
312121302311122212321102112122302322001221011
221301311021202021302212022302011021302321001
221102211301111321301121202111121201312002211
221302211022201011302111122001311322302012102
001012201311001221102212322102311002011322002
012322302211221102022011221012301121302211002
002211201122011221002112122201212322111102312
012002111022211221002322201021111202312021211
222201021102212001111221202212121111102222111
301312222202011121001311322011121102312122301
002212102012221312101312122001322302111021102
112122301211222102221102311202121102311101321
211022301322102322211122302311002022301012321
021001312001222312022202311102312022102321312
212121301012301321102011121302122302311021001
111121302112002211022012101221201211101011322
201222201012102321102212201221011022301111301
302021211001311321302122311022312021102322201
301221102021302311121302211121211201011102212
221011221211022201221001312022301221101311021
022211302121301012222312021002212021201112321
301021302011121302112121202021202211002022202
101311301222212001112021212021011301011021301
101311022212102021111301012322101012122301212
001122001221112221002022302312021312021302222
302122012122102321212302021301011121001212201
202321002121311022302122301311021101112222001
121301221312101111021301022201122102212021201
222211002211021002012221111202011101022302012
022002112101212322202112202312122111321002011
011002021301011221102122201021001212322011122
302111221212122302311122302012122001311302112
301011102221001122212322111301312022302111121
321202212001212021201111021101211002322312002
301212021202011021001311221301121101112221301
312022011322001111021302012102021202011221112
112321202222012021312021102322001211021302111
011102222211122002112301022301322012022001311
001111222111201011121302211122212121101211321
221112121002011222111222012221002311101311121
121002012322101212302012322212102012302021202
122301322112021302012301211221101012321101312
221301122211301022202311022102221212001112322
202112221312002311202012001121311101322101122
222002022101111321001311022212021001312302022
322111222202011322201212001121201022201312001
121201311022311122211222101322202111002212322
322211101011122312101022312121101221202111322
102022202312321102311321002022302311021201011
121211122101212201011101022312221002121312101
021002012122201321012322311201122012322102221
311201311221101022312021101111322201112101311
322301221001312121201311122002111322212202021
322101212022201312121112301112201312121302312
321112322202111201212021001311021202112302221
311202122302112322002012022312221301111101121
002312121112102322201211122111201221012021002
121202322212121211022001221001211201012121202
011001011301311221102311202012301011021301212
102311301212122202211101211022202022002312322
212301321301012121001212002022201311221111022
022011321201112002222201111122301312122301011
102012021211221302111221102322302021301022201
221302012022202121112002221302121011322001321
002211121301111022101322312001322001022112221
212322101311022002011302212122301011321301111
212322301212122312122112221301011102322011222
201312021011301112022301112121002221202012101
212121202221002112202212101211102311021102322
121301311121312001022302111121102211301322002
212222001012221102111022202022302211121112102
002311022302011221211122211201012322201112322
012301021202012022102322201011102211021212022
122212122211121201012002322002311301022101012
111122302312021012102211002221002112022302312
111102012121202322102121201012021302211122102
001312222312202022001321101211122302212022312
121302011122202322211121002221202312102111322
111222001022201212222001311022212001111121301
122312321002011122312201021311021201022201112
022101012121201311322002311022102311021302112
202112321301312121002112301311001221102111321
012222211001111222301021101011322001312022201
001211221102212302112302111221201111021102312
202122212321002012222201121002112202211221112
012122101111322102211221301112221002212002311
102121202022002322011122001322201122202111221
202012321302011001121202311221001012321202112
122301211321101312022012201211122002312201022
302322112201321012122002211021101221202012122
011322302022202022101211021301021111221102121
312001222202312122102311322102012121202311121
321001212321002211322112121301312002012202012
101312022311301322101211001121312201011001212
221302112002312122001322012301212022102112222
102021302012322301312101112221312001012022301
011121102312222101321011021202211021201012322
222301321312001112221002012021301322311001321
112022302121101221001221301021301022312222001
202122001211021111302311121002212302011101121
212022011001211221102111301312021301012221111
001022312202221112021101312122201012102311022
021201012322001221102211302022011221012202311
202222011301111022301211221111322002021211002
101111022111321301312122211022001221311022001
221312301111321101112322002322302122012321302
112201221101312021201211221112101021312321012
111122212002022201011322311001012021211222002
021302211321001221011322202211121112321201112
011122211222012202212001312122201122201021312
301312021302111322101221202012121002321201022
021301211122311321011121202011322112021312301
302211022112002212302112121212021201122202112
012122302011321102011201021212201012101311122
101121202022302321001122211322102211002012201
301012322302212121301021202311121002212222302
021202221202012101222212121101221301012121212
002211022111101311322301011022311122202322112
321202021102012221201122111221202211122111221
022302322112121301022002111322212002012302121
202311021002011222002311302122002312121011222
002211222012321002022212102322301111102322001
222312122101212001312301021011221312202112102
111302211322302022202122102211302121302221111
012202311101221301311021301121202111121001312
322311021001311102211222002011021211201111322
301021001311322102112022202211122002111322311
112321102212201112022302211021001012222201112
322101311122012302121201322101111021201012222
301012321101021312301012021311022102311101311
121001312121211302111322001211221011102321001
121101112222302312022301111122101312201022011
112302211321102312202021001212201122211022112
121312001011022301011122101211301122312021211
001012201211222102011021201212121201121301112
001222212001312021301111101211221101022302012
321312202321001012322202112022002311002211121
101112122201211121202211121202112202122111302
221012022311202221001012202021311021211102112
101022201011221101321302312002221001021302311
122112222001112321202212021212022301011022301
202021012221301111021301122302312121102212102
102311321311102011302121211101212001112322002
321011221301011222012221101112322212121201021
012322312022201312222011002322001121302222101
312001022212001012021301012102312322002111322
011322102221202111321001312021112322001122211
022312022112101322101312102012121211221001311
122002221001011222202011121102311221201112102
021102122011322102211102211302021111001212302
101022002222311022301211022311121102212221101
221112201121201312321002012302311102212001111
111202111021101321211022002211022301011302211
202212022001311221001312202021001311001311222
122101311321002211202321102211102211322012301
111301022112222312002221102121201122111221112
002012221012222002011121301312221002112121201
221202011221101322101112021312322001212101011
302312121302212121302211221111022312001312021
322101021201222311122302312002111122202211121
212201111322211022302312122211122301211001311
302222002212221002312221201012022101321312201
311101122101012302121102311301322002311002311
102011322002211321101211322202112021202111202
122102312001011322201211022101221002211301122
011121112321102321101121301211022311121201011
201321112101221011021002212022311221102321112
012322202111021301212222102212022011202122311
301012221202021002012322201121012102211322201
112201011102021211121312122001312122112202211
122302321302211122001211121001221111301011102
121012321211021302322102221001011121301322001
121202121011322101212122011221312121201122011
021012202212321102012121212121202212002212022
201211121302321112001122201011102211301012222
111022212222112022101221002111221301212122202
202222002212222012021311102011322202211022001
212201111302122301211121202012221202011201012
012322212221101022202211101212122101311021302
201311221111321001121302311001022201211002121
101312222201112322301111001221001312302011101
222001312102211202112322212122102111302122212
301022102222002311102122312121201211101111022
101311322101122301022011322302112201012102311
021202022002322301011021301322311122301021302
111221112322201312122111202312221001021312021
122302322302111222001111121301022301221101211
021002321111101212221302112121211022102312202
322102321202111102121301211022002212121202112
111301221301111022002211101211201112021212001
022202212002211121302112101022202211121002311
122311022111222301312002211302011001312202012
211101021302322102312222101011322302011202112
202212322101312022311321001012201012122301121
212001311121202012001222002111221202121212002
112321102112021202321312002211202111101212101
002212201112322012321212121101311221301122012
211221302011121101221002322002011202311101012
321012322311201111122302212221001011321002311
011022101311121301322101312121311002211301021
101111321002011222101012122202322211022012222
001012102312201112222311022011221202112001311
212201111201221002211302021101312102312121001
211322001122212121201221001212021002212021101
012322312322011201122002311001212322111122302
002222001012202111101311302322111101211102312
122202321202311122202011021312301122001311122
202311222101321102021302012322202112321112121
212102011302011221202311022002322002111221302
001111022311322002122302212122301012001322011
122202211202111101122312022001212022102312021
102311122001111321302121112201012302322002211
121302322101311122111301121111001211121201211
022202121102111302322102021111322312102321012
011001022202122211322012122101212121202311121
212222212022112221202022202211022301121211021
012322102012021211122001211021202011302011221
212121001112022211301221002312002312121001311
112021001321201021102221202012022302212121301
002122202012221112021302312002211022211322111
211101022312322202121201022302211022302012022
011122102212122312322302021201221101221002311
112022001112321002221201121201122001311221001
311321302311122101312222002112022302212221011
001012102322101022301021202122301011202211002
111022002221301311022302311121211002121312021
212022202112021202312322102022211022301312021
202012102121111302321101111021211022301112101
101311102212222202122202011122301312221111021
221212322301112121301121312022301022212302121
222112022202211121202312121001212101212202111
012202211222112301311021201121102212322302111
022202221101312001312202021111102211202121011
221201211201011022002221102211101011122202312
211321202321001211121102212221202111321101012
312022102012022202312122012102212202122202011
112221111101222001311202121301121311102112201
002321201011021301212321001311122201312122001
202311222311121212002122202111122302312122201
211022111202212022312021201021302111221012102
102112102121302012221202122001211221202112121
301211322202011022102221202211001021302011001
102221301011322212121201111101312322001211021
011121002311122302212322011022302211022101212
001312221111321011021302112021211201021001112
301211321001011321112122301012202212021101112
222002221202311102121202311122101312121201321
312322211102212101112322201212101112202112221
302321102111321001211301011322002121202211322
021211322012221202121211022202322012021212101
021011001021202122202321112202012102021301011
121102011301211322012221301111322001322011001
122212201022011321001211302111002221211201112
001211322111022302212101022112201121301312121
022212321011002021302112101122201212122312021
121201112221311301011301221101021301121301212
022001022212021301311322101322212021202012001
211221301312002321102221212101011021302011321
202011201312021201111121312021312101012222201
312121301311322012222201112022302011121302021
221001012221201212001011322302312021012322102
311022312322002012122302311021012302021302312
222101012222011322311201112201122211102121212
002112021002322212302021301122111322001221001
301221202311121002111302121301312102312102312
302112002311301122002312101112022212221001022
202211022201012222212302112101322301021012102
301011122001211321301012021202221102012222101
201121312121301121101212121001221102111222301
101311221001212221101312221201111002211001212
311001011201021112322201312022002111302322101
122002011122301322002012221102311221011001221
312322102012201221102021312102311322002212022
202112022202011022202322101311201112122212122
001211121002211021301021101312221101111122201
301111302212022311222201012201311102312122202
301212121001212321201011002121201212101311121
312201111221301122001311001322211102211022211
021012321201212122212322201011121001212321302
002212302011222302211002112301212002112202211
321201112302212121211121311322201011002021302
012321102121211001222202121002111322311302012
022001322111302022311102011302021001322212021
312101021301322211121312002322002122311022011
311321012322212101012122302012201211022001111
022211022111322302022202011101311122201022011
322212001021211101311121002211301022201121001
102222101312021312221102122201312021102311322
011301012001311122302012121311022202212022112
302022301321002021111221112302121311322101211
112222311122011001221312002011202122211002312
002211321302211101312022012322112201312021211
001011222101321011002322211301111022202211121
112102022302311021201212001012221001111322301
321201121111222312101312001112202112122202322
022101112121202211322011301312121301112221201
202111302012322311101012202312001322011221212
222102111122311321102211122302122102312002212
301312001321112122202122201112322112021101221
202312021301222112122001211102212322111021301
102211002212101221102012021302021301312021312
121311122102211302121002211022211301122011002
101222012022202212122302022202012322101312202
102121301112021202311122102221312101222101012
102111301111122301321001122201012301211021111
011121002121211222201122101012221301121311122
111322201021102312102021201211121201022202011
201112022001212021101212122201122201211121112
102022212321301121202021302112202221012102322
211101212102311201111102021301021311122301121
301322202311121001212022202022212002021111221
101212302011022311302111121312021201221002312
201222002111222002212022201012122201022201111
322101221112201121101212102311022301012301321
122301212122002211122312102121202011101312321
312022001012322302211002012022302212121311102
202322002111022212321301012301311121002011221
211022311122301211221102212102021202211322111
122201022112222312102111122202112322102011222
311221302322011022311022102311121301011321011
011222211302122311022001011221201212121112222
002322202011022202111201212021011221001112302
012021302011202011202022002011302211021012222
001112201212122202311002021202121302221102111
311101311202112222011122201322001011222001211
122001322311202112221301121102011301112221212
011301212002011202021212221301111021202211321
011121001221302011301312221002011121312322112
001112222112222301311021102221211021111222012
322201012321102012221312121311122211322102312
321211202111221001312102021312102112321102112
112021001212322302122201111001211221102221011
201011322201021301011202022012322112301311022
102211001322002121012222111001221102312022112
002312321101122302112322201012302011221001022
122201221302211122302321002212021102322001321
111022211221102221002221102312122001111222211
311022311021211022302022212221201012102312122
211201022312301021201122311001311022112201021
022012102211302221001211001312021112002311222
021001011221112302322112022311202011002121301
201011202211322002012222102211022201112322302
111021101312121211202322001121212022211001111
211022212221102222101011122301311122001322111
211321312022211021111322101212122001211322102
122212101312102221301012322102311122111102221
122012321111102312021001112221212102312122202
301221301121311121312222101112121301212002121
322111221112121312022202221112322101221301012
311102112202121102212221002021201312102111022
012221201022212121212201221001111322002122202
321002112321002211221012122102312001312021302
122101112101312301011222001122302312102221112
011222212321302021112302322111021202112221102
001111302122101212202111121101221302121201012
211102311221012322301112121211122311221001221
302311222002311101312302122211322002122111321
102011122301212102312201111001322312202122112
111301212322002212122011302311122211121002212
011122001312322011302322101011302311122302011
111121301112322302121102011302221011122202011
022101212221111222212302111201011221311001022
111121111321101321102022202221111122201212121
301112121102322101312221111101211121111221201
211301012101312021111101212202122202112321312
312302011101211121001312122011322312302112022
112222001121311122201111302111101211322301112
012101222202311001111221102112201221011122002
302211222002212021111221301312002112222002311
012322201221101012201221212121001012222302011
121012302022012321301311101122301311322111222
302112222202011121311222002011121211221202021
121011302211221012322101211322011002311201221
111021101012301311221102011221301021002212002
311302011101312322001011322002311121301312101
202111221112001212122212001111122311202011322
111222101012221102111221312021212022101312302
111301111301021312302111122101311301111322101
212022301111022101212122012221301122102211121
302022311001012121311121211021001212221302111
102221001312322301112022201322001211021001212
222201021201021111001212122312221101211121212
222102022001221211102221312202111121001322312
001112321111122301312122102212301122302112002
322001322001012322102112302012322001211001211
101312221202312021002211021212221102311121112
101012022002311221301011022302111102222211002
122012321311301022111222112302122011321211101
021202311121111322102311221301022101311301322
211302112322302122301121202012122302012221012
312221112201021101221102212102212322011001212
112221201221101112222301212101012121212321302
001311202112122002321002311322002212001012301
312102212101212221002111121302221111321112201
002221102022302312021212122111322201112202021
002112222302312121302212322101211121302211121
022101212222112022201221111021002212322101022
122001211101212321302122011202212221012001221
101322011021302012122301221012202121001212121
321301111222001021301312122112322001212221011
002121302011201212101312102212221002112301121
022201221012202221111322301022002011322111201
201322212122012102312302012102311221201111121
101211022301311002312002121211201012322002211
021302322011321101011202211122001112222201312
221302311022201112221202112122101221201121302
021002311021012301022102012221002212202121301
001211122301121202012221312002011121201222212
301312122102221101022301011301111021302211102
111221011321101222311001022301022201212021101
101312102122212122111202312021312122202012021
011001212121102221111101122301121212022201212
021201011222112002311222112302021012322302111
301012021201322002312302111322302112322102222
112122002112322201212122101211021111321012001
102221311122202012301312122302011121102311221
022102022201011201211322112001022302011201111
111321302012121002221302312101112322102211021
011321002112302312021301112121212022001312322
001112321201011201212022001311301011302022002
102112321002211022302212221102111121202322211
112321001111021201212122311101012202111321002
022012022201011221012201021302212121002322112
012102321302122302022312102311102012221212022
202111322202122312022112202211221101122011302
311122312122001312202021201022312221002012021
012321102311322202122201311322101121312301012
001111222111121312121202121112221102211222012
211221102112021312222001212322002312021002212
201011302212221102312301111322001211322102122
012021202022301012222201211121111322101311002
101121002012221201022311002211201012022302121
101312022101012302011022002211322102312101221
011122202221212021302221311122201112321102211
302111221302111301322002112021302212021102312
021211201221102312021301022302312022002012302
101111221101311122102212022112221101312301012
102212122101311001012021302121212221012302112
022001312322101322302111021201112201211021011
021202311301321112202012002021202212022211001
111022302312121011221012001211202322101111201
112201211322102122302112221112021201011321101
301211022201211021201012301021311322112002022
212102121001111201311321101021211002311322102
012321111221301012221001112022301211022301011
311202012321102112021212021302121311201112221
311022212021101111322212122002312122002311201
211321001311321111122201311021001011322301311
011301321202011221002021202112202221102112122
112202111122312301022101311202111202011122311
021111322002112321302211022302021112321201211
012002111222302111321301122012221102212202111
211321201312001222102311122201322101111322102
002322112322211122202311021312001111301111222
102312222302022301022302011121002221201211002
021012221002022202312002022301111221312001022
022102212321012322301212121301011122311201322
112202211222202012021002322301212102121211121
301211021111321301121201012022001212301012301
021111321211302011021101221001211322002112221
101211202111222302122002111302211021002312201
222002312202221101011121302011201212022101211
112301112102211102222302311022011221202112322
022102321212102121211121102212202122112222312
302312201112001311221002011021202221112122202
302021201221112221002121311121002212121002311
222311121002211121201312021001111201011321201
111021301221101312222301012322002012222102212
311222302212121112322301211022112001312102312
112302311201121302021201211021301122202312122
001211022302222102112021202311322001011122301
322201311322012001322112121312302111302312021
102012222002321101122212221202122112221101312
222202311222102022301311001311102022302112321
312121312322111221002322201011121302122002211
122302211221002121201012002211201112322101122
021301312121302011021002211322301012122101211
002022302021302011022212002211302111121302011
212101222302312101012122201312102111022211022
221101012121201222312022211201122302112102312
101212222311101112322112322102312202122102321
211322211202011022301122001212122211221002112
202021302111222201212102322301022101112321101
122101012002311201122202111322001211301112301
102111221101021201112202221102211121001312201
011222102012022302221011102311221202111001212
301022311301222111302011121102212322201112122
302122301212001311201121001111221202111002321
311122202112121001311122012301111301312022211
112022001121212202321001322202112322002122311
201112022002212121201312021302211021101112222
312022102222312021101012322102221012021301221
212021011221012222311121202311221002011021302
321111022202111301011102221201012202122212001
122202322111122001221301311101012301111322001
022301212301011202122312201022002212121211202
102212301212322101121011322102121301012201112
202211002012301021301212121001112301212122202
121111022301112221011221101121202311022302022
322012321002222001011022212021212001012322302
311221102211302011301012301212001311002322302
211102122202022102211101012322102211202012122
321102221002222202012221002111122212201221001
112022201012322202311022312202021012202211122
001211022002011221212001322302121101211322002
012201321102112221212001012221102322102111021
001212321102021301122212022001211021202021212
302311001321301112222202212122002011222202312
301022101011321102022302012102121301212101312
301112121002321011022211302111221102311221012
121302222102322201011322202211121011002312222
112021202311222102112221301011102221002312222
301011021011321001211121311101012302312021201
312302111102312102312122112322102312301012322
011201212122111221201312022102311121311101312
022101211322002122202112221202021101012222302
022201012021101311002312002221011102211222112
212002021301221101012202112201111301221002312
312222312022201021111202312122311021302112121
001011021311222102321211022211202011322012022
002212202112301312021001111221001211001012322
211321112022202321002022111322201111321111321
221312301111121312121001112322301111322001312
002312321012321201212122002211322001011022302
201311222002112021311121211121201112021211221
002311201011202311022011322302121201021212001
302322312221101211001011202122302211001112322
022301011221102012202211121011221112022311321
201021201321101222202112021302011202322102011
121311322112102321002111202211322001111122302
022112302022202221111121101212301111222101012
102321011322301312001211021002212022201121301
101112021301211121211122201212322002112321001
312121012222102111221202122101011302311322001
321302312222002012121311022002322102311022202
301311322002012221301012121311001221202121002
021012002212122302221312121312122011202211221
201122311121002312222302022101011322002312222
002122211201021202221011301221112121002221202
122302222201311022011221001011322301212021202
102012121212122211221001212022311022301012102
001212122312022102311221101212022311221112102
102012322211001122201112322311022112001221001
122202112102021302011121311121201011222102111
211322101321011021311302111121102211121212201
112222212022102212222001021302221002321102011
011122201311221001312022312022201311021211101
312321102022112321001312221301111021312321012
212002111022101312322302012201211001011121201
011121102321301122212021102211121301322001312
301212321111222001022111302221212121102012322
211202312322001122301311002311022001311322202
112301022012001311022212121302221112121211021
102311102111122302212121201312022001322302312
121212022311222301122002111302111322101012221
312321301112022001312002111322301211121001321
012122302112021201311221012101021302212121302
221301112222112222101022302221102012221302111
221202022011301211222012322311022212022002311
001121202212121302312022202211021201111202211
021302311002012202021212221102122012322201011
201321001211222102212021202311021202111022311
002311102211121001011202011322202011201022311
111221011021202012321102322302011322101021302
122002311001211202112322002322002211322111322
311322202011321002211202112221001211022302222
201312322012322011321312201122201012322302021
302322201212001311101021211221302022001211302
302011221201012321312001221211101121011222312
101221302111222302211021202022102112221202121
012101311301012021301012021101322202111002212
212021201112021101322112322002121202311221001
021301322112321001312102312302022302111322301
322112201312021312222101112122211302012001321
122002211222102222211302011322002212122312301
001122311301122201212021312202112021201011122
002111202221211002012221311021312001011321201
211301211121001211202222001212202111322101011
201112302112102122311302011322212122201112001
301211122002011301212122302311121101312221012
301211101111122201121302212002022211322101121
201121202111121001312201012022311302111002212
302211222001112022201111022311021311322102221
122201011121201021012222001012301311121212122
021002122111321301211121302212122102012321312
311102022301321102311002011121311301012022302
022202122102311222002021111302111322212021111
021011021212222201112101121212121201111121202
311022001121302212121012102212322002311122112
122311221302011302111001021202212322102012021
001312321101311202322112201112301322102122012
112001322201111302211121012301311322102022012
311222101011301012022302121002322002311321002
012221302111102211121102112201322111301112021
212002322211001112222002012021212322101111222
301121102011321102122201111021302112322002212
021002212021301011221202211121201011021301312
022012302211322101012201011322101212322101012
202311022302121312122202012221102011302312321
221312101212022202011221002311221002112021202
212001011122102321001121202122301112002211122
212222011321101311121311002122211021111321001
111002012222312001312002011201121102312021301
301312122001212001012121201311022201022001111
022101012321202022311022212202112221011002222
121301011101221001121211001312221101021202012
301122101312321301111221102011202022202222002
111322301022301222312121002221301111101311122
211122302222101122201012002212221101321112222
112322201311221002211021301012021211022202012
102321211021301111302221101012022211322111221
121201022301021311222101012322012221001012222
102211301322001112221211122201312021312322012
311321002322011121211022111102311201221102111
022211002212121001211022312021111201121302321
101012002312102211322302012122201311122002112
312022001011222211122111201111322202022101211
002222311301012102022301312101311002112202321
301121311121311021001212101011021302312322102
212322202011221012121302212322112121101221002
001111321311001312301121102322011322201011302
021211321301111001211221102211121202312122002
222011001322201012021311102112221201212121112
022301311301112322201121102111301312101111302
212121112222211122201121001211221002111221111
111321001221101012321001212322301012101321211
212001211201011301122301122112221302111302122
211222111322101212301021301112121102311222001
312201211222101012221102211122211201122302012
311321301212101011322111202212022202112022201
221102211321112221111301121302012322301012302
001311301321101321011301122001111322312202112
122101312122001311321011301221001311021301121
122101012321102222202011121102312202121302012
021202111122102212001111201312221112122001322
001211222202111002122302012301012122202012221
301212022302021111302121301312022101111201221
202112201211022302011222101112221302112122002
002311302212321001321011202112202122002212322
011002112122301211222102212002121202212121101
221011322312101012122302311002012301221002311
312022112121311102212222101311021002321002112
222011302212002221202312101211021002311302011
321202111021201011122201022302311122211121101
101312002221201212022112202312221001111021312
221112301022001011202212121211021212221001022
311022102311302012121201021211001322211001312
212021202012222012021001312122211201112021101
122202112101311021101311101011201111322302021
311122312301021011001221001311221002211101322
301221311022201021012221211301112021211321112
002321001222001021112221312021202112321002122
101312302021002112302121201111122201322101212
201212022001011322012221302012202022111001211
311021001212221102121112301212101311122012201
011001311201022302111321111102312301011022102
302021312301322111101312201111001312201221012
111002222002012322302111101312001311322101111
301311022001212121001211202011121202312322111
022301112002221101212022112221212001012022312
202011021302112322301022211221112022002312022
302321201112002311022211121201311122102311322
111022312321202112022302122111202011101212021
122311221302121202011221102311221011322101312
202112102121301311222112202012022301111322201
321112201112221002021302122002211102322312121
211302211121101011322102312121301322102012122
002022101312321112022202012221302112322111122
302222012001212222002212021201011021202012201
211121202322012121301012302022102211122302321
012022202111301322312122302212022312121102222
111101321302111202122002112322311301121102322
211301221202022001322312122112101211322202111
201012321101312021002012221001211202021112101
121102111121212321301112121302212001012301112
111121201311021212121201111221201022302012201
112122101212122301211121202322012301012121301
011321002322211021302122311202022002222312101
101212322301112021311121102311221101212121101
121212321302311002312302111201211122201221102
221001311222001111201221002121201211001221012
121311022302311001311121201312022002311322111
321301011122301312101111021212221101012302012
111222212321102212121312102312201111302122012
022102121302111202312122001012201311122302012
021302012102022302122002311202112202112121301
002322002311202012322311201111221101012322201
002021112122302312122202011001212021302112122
311302122102012321001122211021302312022111301
221201121212102321212121001211302121302111021
302321302122202012002211002311221102212021302
121212022001011321202011221202111221102311022
311322201012122201112321111121212121301112122
202012322311022302322012102312002312022212221
321112222102112222102211101012221002111302211
321301021302011121102322202311002011322202311
111321101211002112322112022301312021211101322
211101111201012201311002012301111221211022011
311321201222101221001212322102112322311021001
202212101311001012122202312322001121311221002
302121302012022102212022302312021302021302221
322201212021102221102312221002312122111301211
212101112021211201012122002311221011101211301
202322111202222101112121312101021202012102211
111301121202211022311321001211121101212022311
212002012221311102212221301111101311221001111
022202012322302311101011121202012301111202211
301012222301012322311122002211122301011322302
121002222002211321111122202311022301111321301
002111321212121001311122201312102012022202212
012001121212322111002212301011322001111122202
001111022212202012022302221112301011222211021
201312102312222001122302011322302112322102011
201321002221201112002221012001121211221202011
002011121212302012121302211021112002212202221
302121211102311222001112122301312322002112021
122102012322201122111322001122301112222302012
012202111102221101311222012002211202111022211
002222102112221312121301312322102021301122102
012002222001322211002112121301312221002111221
301311321202012301122211022301111022301211002
012001212321002011221002012122301322212122212
112101211221201011121102311001322212121212002
121302011022312121211221111101312121101222312
212202322202112122201212022202121102212322101
012121001312321302021301122301111002321011321
201222302212101012222001012022302111321001212
302011101112321202112301112022301012201211122
102322312221111302212222111021201021202221102
222002311022102012302211022112202221001011222
321312122001012222001022202111302111121302021
101112122212302021302311121001312121001312221
002322201322002122302222011201021102322111302
201312102011121302021302011002322002212122001
202012222112021311221101111021201312021302021
301212121201222011201012201312101312022311022
312202022012221211022001311001322001111021311
112021301112322102011301112021301211122301111
002211222012321201011102122201212122202011122
312102312022011301212022001111221302112321112
021012021002212322202111301212122101112322102
001012222111321312202021011202121301111022102
212221302322002121301011301312001111022212222
121001312121001321302011002312122111302111122
001311002221202211121002111221302211022011221
321101022101322002312101311121101212122302121
002121101211122012202212221001212122002312002
101112302011002311101312102211322001321111102
122202021201012321202212021002311322002012222
001211301112322112301021302121301111221202012
302111301111222001012022312122302312122011102
122011222202011321211022101221211021312122002
122301311222001122212102221102211101012201111
021301111121201112322302312021112201221312021
011121302112102212322201121211302122001312321
121002311222302011022301012302211101211021112
221211302211021111102211101221111322211021312
002312001121312322301112022002211201111101311
321302011101211121311002212102111022301311322
101011122202021311122212221101312021002211222
211302112221202012122302211221102022201211021
011221301111122101211222102311122002221102311
002112002211221302012121302211121201312001111
302011101312301121202212221002012122302221101
311021001312021311101311121301111122002312202
311301022201121201312321011201112121202111302
301212321101321102121202211122101111201121302
222102111102121312322002211101122211121112322
122001311222001011301222112122301212322101222
312222301222001211102012322002312322111321012
121011121102322202122201322101212102011301112
012122111301311122201312021102112221211021202
011321312002012222202211121212121012202111221
021102212221202011301322012202012122212222011
011322101112021201312222111202312122112301312
112121302312322111221211122211101221311121002
311002311022302211022302112122212021201011201
102012321202011102212222002022112221212022001
121302212222102011321001221102021202322011002
102221201021102311121001211022102211001211022
122211302322312022102311021012221101122312122
021311301012322202122101311322101012321101012
002212321002111222112202121302112001311221112
112321201211122202011302211122002012321201111
111122002122312222002221001112301211022202112
312321102112222202012222102212122202212102112
112122102322102322011201121302011202011102321
311101321201211022202111121001211302021302011
111322101112322312121311221301021202121011301
012302022201311221002012322312302012121312302
022001111001222301212101111302311102311021012
002211021312001112122312122101212022201311022
321001112222001022011222002022201221001311121
311221112002322211122311322101011221202311102
312221201011021102211302112322201011121001321
222211222301111022001312221001212021201312102
021201311102221201122211202012121202121301112
021301012222001112121302311121212022002311321
301012002212122101111322301312022011202211001
222002311302021301212022311122301221111321002
222302212201021002222212121211021201012022202
121202322311022301212021302311002011122301222
022001211202111022202112322212102112302022202
022111022301011221101212022312121002321002321
021301111301212021002221101311302111022102312
321101011301322001221301022102312022202011202
111321302312222012021302322002212022302112221
302111022101211321111221311002211002321102012
121211202211021111002312122201021101212121302
312021001212121112102212101112221001311322002
021202311321001111122201112322202021211001222
001211122101321311022202212122011101312001312
001311022101112301311101312122211301011101121
111302312121302312021001112322211021211002011
112322202221001312222002221102111301221111221
001112122201211021112222012021201312121102112
312322002012121302211022101012201212002221102
022101221212302022202021312301121101221002312
311301321102222102111202121111201011302122302
301012121311202111322211021301111122311221301
112022212121101211102022011221001312122102312
222102011021212322201022001211122312102122301
022301121202011322302212001121011202311322002
121311121212321302112002221301012301021301112
201212222001311102121302221002011122211221002
212301322002322001321301012221101012302212322
202012022001312022101212022002112221202211001
102321002221201311121302312121102212221012002
121001221102312222302112101021301212322002122
201011322301211021201022202112022101311222011
202312122011102211222001021111201211122002312
202022102212221202121301311221111101122211201
321102312022302111322101311122011322012222002
122302021211021202312122011322301022301021312
002312221201011022201012121302122201111021302
021001211122302021101011202011221002311301012
022312002021211101022201112101311001212121201
102321001222102212002211022102212121301112222
221002322312021102211322301011102221102211002
012122201312221112021202322312021101111201121
012102221312301011021001312122001221002312121
311101011121302112201121201122312301012021202
222002012322101312121002012221211201011022002
302312121002012221201111022202322212021002321
021001011201312221102311122211201022211122002
301111101322001311002312001221211122102111321
222312222111222002222101212102021202212021202
301321011221102311221001312002311001211222002
201212321201111121002311301022012001211321112
201111201311322102011022211302111322002322311
212201222001012122212322112302122002112322001
211201321002112301221001012122302021311302121
002022212021002311122001311121201221102311002
212121112102211202022001312121302221011321101
002211302221001112122302312102121112222302121
202222312321102211122001111221001311121102211
021012321202111321101121212221001111301111321
212302212121202111322102311121301011221101022
302112222101321101121112322001211122001212101
121302122012222111021311002122212102212122002
202211121001312321201022312221101112022202312
212121301311222011322001112121302011302222101
222002012301212121202311322001022312022302011
011021102021201321102011322212102211121001212
302322201211002012121202311121202011122301322
311222001321012121211022211102011322011301312
012121101322012201021211201221101112221011121
121102211322111321301211121301112221001211321
311021301112001021302111101311202221012021211
121112201311021101312321011122201221002311022
102011301011321101221111102212301112021101212
002012021202311321001111201112322102221102212
022301321001112222301311102122302212001221111
222002112121002212121302311121312022002011222
022001212001222201121201012221101312001122202
112322211201012201021011101312322001322102212
012122201111002311322011022001221301011121001
311002111321102221012322102112301111221001222
211221102211322001011221011022212002321212122
122002311001211001221312122011302212221111122
222202312121112222101011121211201112201312122
312302312321002212001221111322001211002011221
101012022301211322101322211002112122301011301
221101321212201122012202212122011201011302112
121302011221211022001311221302012022002222302
022202022002111321001311302011302112302211022
322002211122201111121101212002221302021002011
212121102222212121101312202022001312002211021
202011102311122101211002011021302011322101211
121001121301022202011002121212202012322111121
212022102112022211021302211022202011222312022
012321101012022312022002311121101312201121201
021202112102021302312101311021301022201021301
221302111202221111222202211022012302122302312
122002112002212222301122301311102011221101311
121211302222112021301312221102021111222201112
311022301312322101012122301022102311221101111
002012101312102211201012121001322202312122002
111121002212121212102211001011221002312022001
202121001011321311022101312102212002012301211
211122201111202021102311002112021201221011022
112322212122002011322201112022312202122301011
112222201011121001211121211121201011302321012
301211301322001112322012102211101211201121011
311021001311021301122302311322101112302021302
302212102122202022211122302212001011222102112
302312222012221012121301212022201121201212022
001122302012321111122201311021001012322302111
021301022202112302311021011302212122102311002
011102321101211201222101211201122101211101011
102011202011301121301111101212201022012222002
002212302212221001312121001311121301112022302
312022101221002021201212021001011322211021201
302022211022002312201011121212121301112022002
212121002011022211221001212221011322112121212
002112222301212021101111301011202311122312022
002112022302122201021201112301312101112202122
211221001022202221102011122302322112221002321
222101111002212022011202112122302312001221011
022212122201211222101322102312022111322311122
222212302222001121301022301212021112202112302
011321002012021301321211022001311001022301022
121202022012222311101111322011322002212221012
102312122201212221101221202122302011322312002
202121202012322301212101122012301311121202012
212301321102311121302222102312021111222201121
302011222201011022102212322102212021001111202
221311322112322011121102312221102111022201212
201111321301211022002222001312201011022001211
102211321001311122301112201111202022202121011
222301212121101212222011301212022111201311021
201111121301111002311021001211121201322002312
311322302021011322101112221001311021201312122
222212222302012221001212302011322012321112102
221001012221002021312121311022111301311022202
322101221101322201012022001221201312002111221
212321302112121002321002122302212121301022111
111202322212121012302212122201212121012201211
102022001321001222102211122102211101312121302
021301021201212321111221211021301112001211021
222312222101111222211002212022302121112301112
322001221201211002012201212221001121312301111
301012222211202111122301211022002211121002321
211102312002212102311322002211202011122212122
012101211222002011022301221011121002322101312
111021002321312001212121202011322212121002212
012102222301112002212002322211001212121002211
311321302311021201012222101311022102212101222
121301111201222111221011302312121211001222201
002011322112122301121001322202012002222311022
121011121002221001212121211001021202121201222
021211102322102011122202121201122312221011301
321101312301112222002111302112322111201012021
212301222001212021301221101011121311022202212
221002011302011302012221102022302012301012101
002312122002211301122202112301022101311222201
122112201012321202021301122201221102311122101
021301212301022001011322111201122302112221301
021102212302221011022102311201011121001311321
112222312202121101322101012122311101211302111
021101321202211101012322102312021201311022212
212121101112201112121101311101311322002321002
012202112301112221302111101221302212002111222
101212321202121212022302311022302011201211022
301122301111121202311002312122311221002212022
002212221002012322002012121302312101211221111
212121301211102312321202111301112021302112001
222101011101312221001022312021201112122211221
012322211221111122301312001311221102022302121
101222311222102011022302011122201012302121002
122002012101211202321102111022301212101212001
102122312102012321102311121102322101311122302
311002122201312001212301121312121101112222301
021111021001212022211301322002121112202311002
202021011122311021301221002311121102322201121
122202211221102021201211102121311122111322311
021302321011321201211022202322101221101212321
222101021211321201111102211002322111122302012
122202112022001311021011221011021301112321112
