A 0 0 256 256
B 256 0 256 256
C 512 0 256 256
D 768 0 256 256
E 1024 0 256 256
F 1280 0 256 256
G 1536 0 256 256
H 1792 0 256 256
I 0 256 256 256
J 256 256 256 256
K 512 256 256 256
L 768 256 256 256
M 1024 256 256 256
N 1280 256 256 256
O 1536 256 256 256
P 1792 256 256 256
Q 0 512 256 256
R 256 512 256 256
S 512 512 256 256
T 768 512 256 256
U 1024 512 256 256
V 1280 512 256 256
W 1536 512 256 256
X 1792 512 256 256
Y 0 768 256 256
Z 256 768 256 256
0 512 768 256 256
1 768 768 256 256
2 1024 768 256 256
3 1280 768 256 256
4 1536 768 256 256
5 1792 768 256 256
6 0 1024 256 256
7 256 1024 256 256
8 512 1024 256 256
9 768 1024 256 256
double_dots 1920 1792 128 256
dot_center 1792 1920 128 128
pixel 1914 634 11 11
